# GIMP colorrc
# 
# This file holds a list of recently used colors.

(color-history
    (color-rgba 1 1 1 1)
    (color-rgba 0 0 0 1)
    (color-rgba 0.13333334028720856 0.13333334028720856 0.13333334028720856 1)
    (color-rgba 0.96862751245498657 0.96862751245498657 1 1)
    (color-rgba 0.59999999999999998 0.59999999999999998 0.59999999999999998 1)
    (color-rgba 0.078431375324726105 0.078431375324726105 0.078431375324726105 1)
    (color-rgba 0.92549026012420654 0.4745098352432251 0.38823533058166504 1)
    (color-rgba 0.89803928136825562 0.21960785984992981 0.43137258291244507 1)
    (color-rgba 0.93333339691162109 0.94509810209274292 0.96078437566757202 1)
    (color-rgba 0.18431372940540314 0.19607844948768616 0.23137256503105164 1)
    (color-rgba 0.14117647058823529 0.13725490196078433 0.14509803921568629 1)
    (color-rgba 0.96078431372549022 0.95294117647058818 0.96078431372549022 4.6853384035774827e-310)
    (color-rgba 1 1 1 4.685337989944143e-310)
    (color-rgba 0.96078431372549022 0.95294117647058818 0.96078431372549022 1)
    (color-rgba 0 0.039215686274509803 0.078431372549019607 1)
    (color-rgba 0.031372550874948502 0.031372550874948502 0.031372550874948502 1)
    (color-rgba 0.027450982481241226 0.027450982481241226 0.027450982481241226 1)
    (color-rgba 0 0.061544119957342915 0.12693474741201977 1)
    (color-rgba 0.26845637583892612 1 0.6138203185759139 1)
    (color-rgba 0.047058828175067902 0.043137256056070328 0.062745101749897003 1)
    (color-rgba 0.93333333333333335 0.95294117647058818 0.41568627450980394 1)
    (color-rgba 0.30588235294117649 0.80392156862745101 0.7686274509803922 1)
    (color-rgba 0 0.062745098039215685 0.12941176470588237 1)
    (color-rgba 0.57254904508590698 0.82745099067687988 0.94509804248809814 1)
    (color-rgba 0.31764706969261169 0.10980392247438431 0.21176470816135406 1)
    (color-rgba 0.4117647111415863 0.62745100259780884 0.023529412224888802 1)
    (color-rgba 1 0.93333333730697632 0.76470589637756348 1)
    (color-rgba 0.82745099067687988 0.45490196347236633 0.57254904508590698 1)
    (color-rgba 0.83529412746429443 0.45882353186607361 0.56862747669219971 1)
    (color-rgba 0.9686274528503418 0.63921570777893066 0.35294118523597717 1)
    (color-rgba 0.95686274766921997 0.49019607901573181 0.08235294371843338 1)
    (color-rgba 0.73333334922790527 0.81176471710205078 0.33725491166114807 1)
    (color-rgba 0.40784314274787903 0.62352943420410156 0.019607843831181526 1)
    (color-rgba 0.88235294818878174 0.45098039507865906 0.31372550129890442 1)
    (color-rgba 0.69019609689712524 0.011764706112444401 0.019607843831181526 1)
    (color-rgba 0.93725490570068359 0.25882354378700256 0 1)
    (color-rgba 0.74901962280273438 0.30588236451148987 0.14117647707462311 1)
    (color-rgba 0.96470588445663452 0.80000001192092896 0.57254904508590698 1)
    (color-rgba 0.99215686321258545 0.90196079015731812 0.58823531866073608 1)
    (color-rgba 0.29803922772407532 0.10980392247438431 0.20392157137393951 1))

# end of colorrc
